%Parámetros

global l1 l2 l3 l4
l1=0.365;
l2=0.370;
l3=0.38594;
l4=0.08;
